LH : ratio vertex over pixel
unknown                   17.64549       4.40298      1.958398       1.10092     0.7047092     0.4897894     0.3597668     0.2753991     0.2175998     0.1762735     0.1456928     0.1224268
bankssts                  23.48352      6.071023       2.71883      1.520996     0.9687217     0.6758381     0.4950197     0.3801815     0.3000562     0.2427857     0.2006008     0.1688527
caudalanteriorcingulate   25.24561      6.395556      2.843874      1.595344      1.021292      0.706778     0.5198699     0.3995003     0.3152245      0.254961     0.2109043     0.1771949
caudalmiddlefrontal       13.48736      3.411872      1.519317     0.8527733     0.5450832     0.3789047     0.2783905     0.2131568     0.1682277     0.1363155     0.1127134    0.09466856
corpuscallosum                 NaN           NaN           NaN           NaN           NaN           NaN           NaN           NaN           NaN           NaN           NaN           NaN
cuneus                    23.62319      5.884477      2.599681      1.446318     0.9308966     0.6473392     0.4731495     0.3620613     0.2867194     0.2317975     0.1914269     0.1610036
entorhinal                7.652778      1.909879     0.8549263     0.4785063     0.3063664     0.2127824     0.1563342     0.1197306    0.09448684    0.07661823    0.06324247    0.05317506
fusiform                  5.519906      1.419452     0.6371131     0.3604802     0.2313733     0.1610523     0.1184869    0.09080752    0.07178972    0.05819035    0.04811972    0.04045657
inferiortemporal          11.17722      2.835581      1.263595     0.7132472     0.4567556     0.3172151     0.2334126     0.1787884      0.141375      0.114485    0.09469981    0.07956102
isthmuscingulate          23.87736      5.955294      2.681144      1.511947     0.9686184     0.6720659     0.4935647     0.3774795     0.2981505     0.2415076     0.1996687     0.1678382
lateraloccipital          23.19636       5.71595      2.542447      1.427389     0.9142898     0.6346632     0.4659606     0.3571669     0.2820445     0.2285888     0.1888228      0.158654
lateralorbitofrontal      22.51613      5.705722      2.533575      1.422554     0.9100391     0.6330109     0.4651266     0.3558199     0.2812248     0.2277077     0.1883771      0.158181
lingual                   15.18051      3.808877      1.686047     0.9511423     0.6073079      0.422316     0.3103092     0.2376646     0.1877065     0.1520301     0.1256837     0.1055975
medialorbitofrontal       24.56481       6.04328         2.653      1.501415      0.962627     0.6652457     0.4881325     0.3748764     0.2955989     0.2396351      0.197749     0.1664053
middletemporal            17.59684      4.515213      2.038462      1.148014     0.7389212     0.5140878     0.3780571     0.2894857     0.2290241     0.1857399     0.1534908     0.1290584
parahippocampal            5.55287      1.394537     0.6186469     0.3487004     0.2238188     0.1552496     0.1141402    0.08744053    0.06915494    0.05602292    0.04631473     0.0389143
paracentral               19.72455      4.801749      2.121056      1.198254     0.7626765     0.5296671      0.388902     0.2982075     0.2352689      0.190625     0.1575097     0.1323849
parsopercularis           24.17829      6.164032       2.72164      1.533432     0.9811261     0.6814507     0.5008028     0.3832166     0.3029038     0.2455326     0.2028618      0.170279
parsorbitalis             26.55556      6.685315        2.9875      1.668412      1.064588     0.7405112     0.5441093     0.4156522     0.3286353     0.2662211     0.2196187     0.1846986
parstriangularis          24.35714      6.035398      2.735294      1.528006      0.984127     0.6799601     0.5003668     0.3832896     0.3022603     0.2451768     0.2026545      0.170089
pericalcarine             22.49412      5.724551      2.552737      1.428999     0.9122137     0.6341625     0.4652068     0.3567164     0.2815906      0.227999      0.188709     0.1585143
postcentral               13.46393      3.405725      1.519151     0.8557943     0.5483611      0.381416     0.2802178      0.214653     0.1696429     0.1374208     0.1135987     0.0954975
posteriorcingulate          26.128      6.416503      2.835069      1.593171      1.024146     0.7092291     0.5208931     0.3990226     0.3155556     0.2554556     0.2110774     0.1773939
precentral                7.286296      1.855243      0.830498     0.4686682     0.3009162     0.2092018      0.153866     0.1178821    0.09323645    0.07554708    0.06246329    0.05250088
precuneus                 24.03947          6.09      2.688742      1.515554     0.9676907     0.6722473      0.494452        0.3783     0.2991037     0.2422113      0.200104     0.1681624
rostralanteriorcingulate        25      6.398104       2.87234      1.614833       1.02818     0.7161804     0.5300353     0.4033463     0.3191489     0.2584227     0.2137767     0.1793782
rostralmiddlefrontal      23.59283      5.912653      2.639577      1.485439     0.9495281     0.6600747     0.4836082     0.3708084     0.2931202     0.2373587     0.1960376     0.1649435
superiorfrontal           19.39331      4.848328      2.151767      1.211841     0.7754361     0.5386555     0.3959749     0.3029376     0.2393248     0.1939177     0.1602605     0.1346609
superiorparietal          21.64803      5.420425      2.411995      1.358804     0.8685828     0.6028945     0.4430884     0.3393593     0.2680338     0.2171773     0.1794806     0.1507823
superiortemporal          20.89368      5.350258      2.418829      1.367758     0.8794146     0.6122432     0.4504398     0.3451042     0.2729252     0.2212855     0.1829873     0.1537892
supramarginal             22.16495      5.672823       2.53912      1.433572     0.9198845     0.6389776     0.4704595     0.3607383     0.2851553      0.231102     0.1910474     0.1606006
frontalpole               22.66667      5.787234      2.472727      1.424084     0.9036545     0.6310905     0.4738676     0.3560209     0.2830385     0.2276151     0.1903429     0.1584158
temporalpole              12.90769      3.290196       1.45913     0.8249754     0.5273413     0.3655773     0.2693419     0.2056877      0.162471     0.1313811      0.108721    0.09135453
transversetemporal            26.6      6.487805       2.84492      1.597598      1.018182     0.7074468     0.5210578     0.3974598     0.3156333     0.2548503     0.2106514     0.1770677
insula                    22.63636      5.739846      2.553223      1.439306     0.9217345     0.6393984     0.4699802     0.3602977     0.2846179     0.2306776     0.1905543     0.1600208
UNKNOWN                        Inf           Inf             2             2             2           0.5           0.4          0.25     0.2222222     0.2222222     0.1428571         0.125
inferiorparietal          24.29321      6.096824      2.713202      1.527163     0.9772784     0.6792371     0.4988908     0.3816057     0.3017327     0.2443955     0.2019862     0.1697177
