RH : ratio vertex over pixel
unknown                   20.52507      5.167471      2.308943      1.296925     0.8302607     0.5774513     0.4241002      0.324958     0.2567907     0.2080306     0.1719511     0.1445158
bankssts                  23.86957      5.903226       2.62994      1.486798     0.9556136      0.665253      0.486918     0.3733424       0.29437     0.2389554     0.1974288      0.165861
caudalanteriorcingulate   25.52381      6.457831      2.856128      1.617706      1.039431     0.7178571     0.5265226     0.4032096     0.3184789     0.2577749     0.2127547     0.1791643
caudalmiddlefrontal       13.59533      3.359615      1.484913     0.8384929     0.5358896     0.3722962     0.2735458     0.2092466     0.1653104     0.1340546     0.1107835     0.0930567
corpuscallosum                 NaN           NaN           NaN           NaN           NaN           NaN           NaN           NaN           NaN           NaN           NaN           NaN
cuneus                        25.2      6.089219      2.667752      1.498628     0.9623972     0.6696648      0.490713     0.3758605     0.2964169     0.2403874      0.198883     0.1668534
entorhinal                10.86747      2.716867      1.209115     0.6751497     0.4365924     0.3017732     0.2212954     0.1697084     0.1338478     0.1085701    0.08974231    0.07529215
fusiform                   7.21517      1.823552     0.8158586     0.4585793     0.2943666     0.2043671     0.1501079     0.1150296    0.09094989    0.07370335    0.06090104    0.05116693
inferiortemporal          4.997619       1.28773     0.5772827     0.3268198     0.2095438      0.145926     0.1074537    0.08233471    0.06509032    0.05276256    0.04364143     0.0366958
isthmuscingulate          21.32143      5.796117      2.629956        1.4925     0.9636804      0.671919     0.4972928     0.3804971     0.3018582     0.2445218      0.202493     0.1703524
lateraloccipital          21.07067      5.230702      2.339349      1.314594     0.8403326     0.5843214     0.4287152      0.328341     0.2593398     0.2100535     0.1735802     0.1459695
lateralorbitofrontal      23.79235      5.988996      2.674447      1.507096     0.9622099     0.6692284     0.4916996     0.3762855     0.2973434     0.2408452     0.1990764     0.1673135
lingual                   17.54054       4.37037      1.938278      1.091062     0.6993534     0.4858997     0.3569857     0.2732248     0.2159374     0.1749248     0.1445649     0.1214711
medialorbitofrontal       25.46364      6.294382      2.817907      1.571829      1.010097      0.702181     0.5153634     0.3944515     0.3122631     0.2526382     0.2090143     0.1756113
middletemporal            14.32578      3.571328       1.59376     0.8929896     0.5719941     0.3967519     0.2914529     0.2229816     0.1764726     0.1428208     0.1180742    0.09916658
parahippocampal           11.46053      3.008636      1.343099     0.7684164     0.4930654     0.3429134     0.2526835     0.1937709     0.1532911     0.1242245      0.102688    0.08647307
paracentral               14.62214      3.766962      1.685438     0.9567932     0.6139423     0.4267573     0.3142224     0.2408222     0.1903508     0.1544011     0.1276574      0.107356
parsopercularis           23.54286      5.885714      2.607595      1.463588     0.9370735     0.6500131     0.4778658     0.3657887     0.2888863     0.2341131     0.1936394     0.1624606
parsorbitalis                23.65      5.664671      2.438144      1.379009          0.88     0.6130914     0.4472813     0.3435004      0.271761     0.2203587     0.1815739     0.1528025
parstriangularis          25.05263      6.296296      2.829964      1.588785      1.020146     0.7064411     0.5206738     0.3977937     0.3147732     0.2547634      0.210806     0.1767545
pericalcarine             23.07595      5.626543      2.546089      1.425332     0.9124124     0.6312327     0.4657639     0.3564724     0.2824605     0.2281316     0.1884822     0.1585907
postcentral               17.40571      4.341093      1.938481      1.085144     0.6951693     0.4832108     0.3549427     0.2717217     0.2147086     0.1738882      0.143729     0.1207804
posteriorcingulate        20.79167      5.443636      2.462171      1.402342     0.9039855     0.6300505     0.4646904     0.3565984     0.2824262     0.2291268     0.1896858     0.1592723
precentral                7.512281      1.927787     0.8612921     0.4866351     0.3122266      0.217162     0.1597213     0.1223918    0.09677449     0.0784071    0.06483478    0.05450195
precuneus                 23.87725      6.032526      2.676174      1.510131     0.9647955     0.6700555     0.4921624     0.3772112     0.2978636     0.2412573      0.199375     0.1675033
rostralanteriorcingulate    26.275       6.56875      2.871585      1.649922      1.043694     0.7258287     0.5356779     0.4097466     0.3214067     0.2621601     0.2159885     0.1815826
rostralmiddlefrontal      23.47463      5.890637      2.626587      1.474592      0.943265     0.6551695     0.4810963     0.3685962     0.2911838     0.2357668     0.1947065     0.1637344
superiorfrontal            14.8475      3.725847      1.659866     0.9332914     0.5970945      0.414836     0.3045641     0.2332541     0.1843236     0.1493093     0.1234027     0.1036918
superiorparietal          22.41667      5.598028       2.47746      1.395114     0.8927511     0.6198157     0.4555055      0.348505     0.2754365     0.2231391     0.1843562     0.1549281
superiortemporal          19.34648      4.802797      2.129612      1.201329     0.7674601     0.5325682     0.3914952     0.2998472     0.2367459     0.1918489     0.1584899     0.1331963
supramarginal             24.47447      6.068503      2.692435      1.515152     0.9687389     0.6727753     0.4939993     0.3782956     0.2988413     0.2420409     0.1999657     0.1682008
frontalpole                23.0625      5.765625      2.635714      1.481928     0.9559585     0.6530973     0.4893899     0.3723512     0.2959102     0.2380645     0.1978552     0.1648057
temporalpole              11.67143      3.048507      1.317742          0.76     0.4808711     0.3340147      0.245051      0.187989     0.1483566     0.1202178    0.09929509    0.08352075
transversetemporal        22.97059      6.101562      2.656463      1.496169      0.953602     0.6629881     0.4878201     0.3731486     0.2948282     0.2380372     0.1971724     0.1660995
insula                    23.03167      5.757919      2.587697      1.450556     0.9307003     0.6470065      0.476681     0.3646393     0.2879448     0.2332508     0.1928761     0.1618957
UNKNOWN                        NaN           NaN           NaN           NaN           NaN           NaN           NaN           NaN           NaN           NaN           NaN           NaN
inferiorparietal          24.62087      6.210526      2.764571      1.554877     0.9964985     0.6916369     0.5085405     0.3892666     0.3075456     0.2491952     0.2059731     0.1729278
